12 0.532910 0.500691 0.165940 0.084555
0 0.774053 0.556732 0.341949 0.167687
2 0.780280 0.398057 0.208245 0.101083
5 0.250144 0.370408 0.310787 0.131409
15 0.200336 0.569663 0.139032 0.052341
15 0.266019 0.543184 0.114944 0.067122
15 0.240840 0.504389 0.117134 0.054805
6 0.524775 0.678975 0.211653 0.155331
7 0.318704 0.471172 0.131389 0.063281
7 0.771174 0.603100 0.135338 0.052216
12 0.530873 0.399332 0.159542 0.079773
13 0.700042 0.168767 0.286167 0.072779
6 0.531481 0.682749 0.214352 0.159867
