15 0.200336 0.569663 0.139032 0.052341
7 0.318704 0.471172 0.131389 0.063281
13 0.599204 0.162190 0.286167 0.072781
4 0.282185 0.219413 0.164611 0.076924
1 0.756519 0.266361 0.157824 0.077680
5 0.324671 0.355612 0.310787 0.131411
7 0.771174 0.603100 0.135338 0.052216
0 0.774053 0.556732 0.341949 0.167687
6 0.524775 0.678975 0.211653 0.155331
12 0.530873 0.399332 0.159542 0.079773
12 0.532910 0.500691 0.165940 0.084555
2 0.780280 0.398057 0.208245 0.101083
15 0.266019 0.543184 0.114944 0.067122
15 0.240840 0.504389 0.117134 0.054805
